# Game Level Exporter v1.0
MESH
Farm_Mill
<Matrix 4x4 ( 1.3440, -0.0557,   -0.9253, 0.0000)
            (-0.0000,  1.6297,   -0.0982, 0.0000)
            ( 0.9270,  0.0808,    1.3416, 0.0000)
            (-0.2899, 96.4459, -132.2932, 1.0000)>
MESH
Floating_Island_PolySphere.001
<Matrix 4x4 ( 1.0000,  0.0000,  0.0000, 0.0000)
            ( 0.0000,  2.0000, -0.0000, 0.0000)
            ( 0.0000,  0.0000,  1.0000, 0.0000)
            (-8.3531, 20.7576,  3.9228, 1.0000)>
MESH
barn_Plane.001
<Matrix 4x4 ( 2.1847,  0.0000,  -2.7540, 0.0000)
            (-0.0000,  3.5153,  -0.0000, 0.0000)
            ( 2.7540,  0.0000,   2.1847, 0.0000)
            (81.5594, 66.4913, -72.9773, 1.0000)>
MESH
Firewood_Cylinder.002
<Matrix 4x4 (  1.8532,  0.0000,   0.0000, 0.0000)
            (  0.0000,  1.8532,  -0.0000, 0.0000)
            (  0.0000,  0.0000,   1.8532, 0.0000)
            (-84.8413, 58.0838, -58.3817, 1.0000)>
MESH
Tree_PM3D_Sphere3D1
<Matrix 4x4 ( 9.8527,  0.0000,    0.0000, 0.0000)
            ( 0.0000,  9.5323,   -2.4924, 0.0000)
            ( 0.0000,  2.4924,    9.5323, 0.0000)
            (41.0143, 80.1351, -105.5016, 1.0000)>
MESH
Tree_PM3D_Sphere3D1.001
<Matrix 4x4 ( 1.3070,  0.0000,    6.6130, 0.0000)
            ( 1.6728,  6.5217,   -0.3306, 0.0000)
            (-6.3980,  1.7052,    1.2645, 0.0000)
            (41.8124, 71.6498, -103.5776, 1.0000)>
MESH
Tree_PM3D_Sphere3D1.002
<Matrix 4x4 (  1.3070,  0.0000,    6.6130, 0.0000)
            (  1.6728,  6.5217,   -0.3306, 0.0000)
            ( -6.3980,  1.7052,    1.2645, 0.0000)
            (-46.6685, 69.0868, -115.0945, 1.0000)>
MESH
Tree_PM3D_Sphere3D1.003
<Matrix 4x4 (  9.8527,  0.0000,    0.0000, 0.0000)
            (  0.0000,  9.5323,   -2.4924, 0.0000)
            (  0.0000,  2.4924,    9.5323, 0.0000)
            (-47.4666, 77.5721, -117.0185, 1.0000)>
MESH
VagrShip_group1
<Matrix 4x4 (1.0000,   0.0000,    0.0000, 0.0000)
            (0.0000,   1.0000,   -0.0000, 0.0000)
            (0.0000,   0.0000,    1.0000, 0.0000)
            (1.1366, 145.1208, -267.1272, 1.0000)>
MESH
Farm_Plane.002
<Matrix 4x4 (   1.0000,  0.0000,   0.0000, 0.0000)
            (   0.0000,  1.0000,  -0.0000, 0.0000)
            (   0.0000,  0.0000,   1.0000, 0.0000)
            (-117.5126, 61.5287, -77.9767, 1.0000)>
MESH
Mushrooms_1_Mushrooms_1.001
<Matrix 4x4 ( 1.0000,  0.0000,   0.0000, 0.0000)
            ( 0.0000,  1.0000,  -0.0000, 0.0000)
            ( 0.0000,  0.0000,   1.0000, 0.0000)
            (19.3153, 58.0885, -87.7230, 1.0000)>
MESH
Mushrooms_1_Mushrooms_1.002
<Matrix 4x4 ( 1.0000,  0.0000,   0.0000, 0.0000)
            ( 0.0000,  1.0000,  -0.0000, 0.0000)
            ( 0.0000,  0.0000,   1.0000, 0.0000)
            (55.6741, 58.0885, -82.6781, 1.0000)>
MESH
Mushrooms_1_Mushrooms_1.003
<Matrix 4x4 ( 1.0000,  0.0000,    0.0000, 0.0000)
            ( 0.0000,  1.0000,   -0.0000, 0.0000)
            ( 0.0000,  0.0000,    1.0000, 0.0000)
            (44.4580, 54.9408, -127.2676, 1.0000)>
MESH
Mushrooms_1_Mushrooms_1.004
<Matrix 4x4 (  1.0000,  0.0000,    0.0000, 0.0000)
            (  0.0000,  1.0000,   -0.0000, 0.0000)
            (  0.0000,  0.0000,    1.0000, 0.0000)
            (-23.2889, 58.0885, -118.9387, 1.0000)>
MESH
Mushrooms_1_Mushrooms_1.005
<Matrix 4x4 (  1.0000,  0.0000,   0.0000, 0.0000)
            (  0.0000,  1.0000,  -0.0000, 0.0000)
            (  0.0000,  0.0000,   1.0000, 0.0000)
            (-56.0000, 58.0885, -89.8627, 1.0000)>
MESH
Mushrooms_1_Mushrooms_1.006
<Matrix 4x4 (  1.0000,  0.0000,    0.0000, 0.0000)
            (  0.0000,  1.0000,   -0.0000, 0.0000)
            (  0.0000,  0.0000,    1.0000, 0.0000)
            (-63.6023, 54.2246, -126.6097, 1.0000)>
MESH
Mushrooms_1_Mushrooms_1.009
<Matrix 4x4 (  1.0000,  0.0000,   0.0000, 0.0000)
            (  0.0000,  1.0000,  -0.0000, 0.0000)
            (  0.0000,  0.0000,   1.0000, 0.0000)
            (153.7683, 51.1511, -48.3714, 1.0000)>
MESH
Mushrooms_1_Mushrooms_1.008
<Matrix 4x4 (  1.0000,  0.0000,   0.0000, 0.0000)
            (  0.0000,  1.0000,  -0.0000, 0.0000)
            (  0.0000,  0.0000,   1.0000, 0.0000)
            (121.0572, 58.0885, -19.2954, 1.0000)>
MESH
Mushrooms_1_Mushrooms_1.007
<Matrix 4x4 (  1.0000,  0.0000,   0.0000, 0.0000)
            (  0.0000,  1.0000,  -0.0000, 0.0000)
            (  0.0000,  0.0000,   1.0000, 0.0000)
            (113.4548, 58.0885, -56.0425, 1.0000)>
MESH
Tree_PM3D_Sphere3D1.005
<Matrix 4x4 (  1.3070,  0.0000,   6.6130, 0.0000)
            (  1.6728,  6.5217,  -0.3306, 0.0000)
            ( -6.3980,  1.7052,   1.2645, 0.0000)
            (130.3887, 69.0868, -44.5273, 1.0000)>
MESH
Tree_PM3D_Sphere3D1.004
<Matrix 4x4 (  9.8527,  0.0000,   0.0000, 0.0000)
            (  0.0000,  9.5323,  -2.4924, 0.0000)
            (  0.0000,  2.4924,   9.5323, 0.0000)
            (129.5905, 77.5721, -46.4513, 1.0000)>
MESH
Mushrooms_1_Mushrooms_1.012
<Matrix 4x4 (   0.8118,  0.0000,   0.5840, 0.0000)
            (   0.0000,  1.0000,  -0.0000, 0.0000)
            (  -0.5840,  0.0000,   0.8118, 0.0000)
            (-172.0716, 50.0296, -16.2252, 1.0000)>
MESH
Mushrooms_1_Mushrooms_1.011
<Matrix 4x4 (   0.8118,  0.0000,  0.5840, 0.0000)
            (   0.0000,  1.0000, -0.0000, 0.0000)
            (  -0.5840,  0.0000,  0.8118, 0.0000)
            (-145.5027, 53.4304,  9.1029, 1.0000)>
MESH
Mushrooms_1_Mushrooms_1.010
<Matrix 4x4 (   0.8118,  0.0000,   0.5840, 0.0000)
            (   0.0000,  1.0000,  -0.0000, 0.0000)
            (  -0.5840,  0.0000,   0.8118, 0.0000)
            (-128.5683, 55.4256, -33.6435, 1.0000)>
MESH
Tree_PM3D_Sphere3D1.007
<Matrix 4x4 (   7.9981,  0.0000,   5.7538, 0.0000)
            (   1.4555,  9.5323,  -2.0232, 0.0000)
            (  -5.5666,  2.4924,   7.7380, 0.0000)
            (-144.0747, 77.4722, -17.9856, 1.0000)>
MESH
Tree_PM3D_Sphere3D1.006
<Matrix 4x4 (  -2.8009,  0.0000,   6.1315, 0.0000)
            (   1.5510,  6.5217,   0.7085, 0.0000)
            (  -5.9321,  1.7052,  -2.7098, 0.0000)
            (-144.5503, 64.6815, -15.9577, 1.0000)>
MESH
Fence_1.001
<Matrix 4x4 ( -0.2786,  0.0000,  1.6462, 0.0000)
            (  0.0000,  1.6697,  0.0000, 0.0000)
            ( -1.6462,  0.0000, -0.2786, 0.0000)
            (169.4374, 55.7114,  5.5449, 1.0000)>
MESH
Fence_1.002
<Matrix 4x4 ( -0.6420,  0.0000,  1.5413, 0.0000)
            (  0.0000,  1.6697,  0.0000, 0.0000)
            ( -1.5413,  0.0000, -0.6420, 0.0000)
            (149.0754, 55.7114, 76.9472, 1.0000)>
MESH
Fence_1.003
<Matrix 4x4 ( -1.3402,  0.0000,   0.9958, 0.0000)
            (  0.0000,  1.6697,   0.0000, 0.0000)
            ( -0.9958,  0.0000,  -1.3402, 0.0000)
            (105.2957, 55.7114, 133.2097, 1.0000)>
MESH
Fence_1.004
<Matrix 4x4 (  0.7293,  0.0000,   1.5020, 0.0000)
            (  0.0000,  1.6697,  -0.0000, 0.0000)
            ( -1.5020,  0.0000,   0.7293, 0.0000)
            (159.3826, 55.7114, -63.8222, 1.0000)>
MESH
Fence_1.005
<Matrix 4x4 (  1.2186,  0.0000,    1.1414, 0.0000)
            (  0.0000,  1.6697,   -0.0000, 0.0000)
            ( -1.1414,  0.0000,    1.2186, 0.0000)
            (115.5793, 55.8877, -122.7474, 1.0000)>
MESH
Fence_1.006
<Matrix 4x4 ( 1.5567,  0.0000,    0.6038, 0.0000)
            ( 0.0000,  1.6697,   -0.0000, 0.0000)
            (-0.6038,  0.0000,    1.5567, 0.0000)
            (53.6471, 56.6398, -161.3989, 1.0000)>
MESH
Fence_1.007
<Matrix 4x4 (  1.6552,  0.0000,   -0.2193, 0.0000)
            ( -0.0000,  1.6697,   -0.0000, 0.0000)
            (  0.2193,  0.0000,    1.6552, 0.0000)
            (-17.6498, 56.6398, -169.5707, 1.0000)>
MESH
Fence_1.008
<Matrix 4x4 (  1.5263,  0.0000,   -0.6768, 0.0000)
            ( -0.0000,  1.6697,   -0.0000, 0.0000)
            (  0.6768,  0.0000,    1.5263, 0.0000)
            (-88.5077, 53.9999, -149.2673, 1.0000)>
MESH
Fence_1.009
<Matrix 4x4 (   1.0934,  0.0000,   -1.2618, 0.0000)
            (  -0.0000,  1.6697,   -0.0000, 0.0000)
            (   1.2618,  0.0000,    1.0934, 0.0000)
            (-146.3049, 53.9999, -105.8726, 1.0000)>
MESH
Fence_1.010
<Matrix 4x4 (   0.4033,  0.0000,  -1.6202, 0.0000)
            (  -0.0000,  1.6697,  -0.0000, 0.0000)
            (   1.6202,  0.0000,   0.4033, 0.0000)
            (-179.4853, 53.9999, -41.7450, 1.0000)>
MESH
Fence_1.011
<Matrix 4x4 (  -0.4485,  0.0000, -1.6083, 0.0000)
            (  -0.0000,  1.6697,  0.0000, 0.0000)
            (   1.6083,  0.0000, -0.4485, 0.0000)
            (-178.0995, 53.9999, 29.9860, 1.0000)>
MESH
Fence_1.012
<Matrix 4x4 (  -0.9161,  0.0000, -1.3959, 0.0000)
            (  -0.0000,  1.6697,  0.0000, 0.0000)
            (   1.3959,  0.0000, -0.9161, 0.0000)
            (-147.3063, 53.9999, 96.4105, 1.0000)>
MESH
Fence_1.013
<Matrix 4x4 ( -1.4678,  0.0000,  -0.7959, 0.0000)
            ( -0.0000,  1.6697,   0.0000, 0.0000)
            (  0.7959,  0.0000,  -1.4678, 0.0000)
            (-94.4550, 53.9999, 144.6323, 1.0000)>
MESH
GrassPatch1_Circle.002
<Matrix 4x4 (  2.2078,  0.0000,   0.0000, 0.0000)
            (  0.0000,  2.2078,  -0.0000, 0.0000)
            (  0.0000,  0.0000,   2.2078, 0.0000)
            (136.8354, 52.2214, -16.2952, 1.0000)>
MESH
GrassPatch1_Circle.003
<Matrix 4x4 (  2.2078,  0.0000,   0.0000, 0.0000)
            (  0.0000,  2.2078,  -0.0000, 0.0000)
            (  0.0000,  0.0000,   2.2078, 0.0000)
            (146.0193, 50.4841, -34.9954, 1.0000)>
MESH
GrassPatch1_Circle.004
<Matrix 4x4 (  2.2078,  0.0000,   0.0000, 0.0000)
            (  0.0000,  2.2078,  -0.0000, 0.0000)
            (  0.0000,  0.0000,   2.2078, 0.0000)
            (125.2039, 51.9502, -63.0907, 1.0000)>
MESH
GrassPatch1_Circle.005
<Matrix 4x4 (  2.2078,  0.0000,   0.0000, 0.0000)
            (  0.0000,  2.2078,  -0.0000, 0.0000)
            (  0.0000,  0.0000,   2.2078, 0.0000)
            (138.6775, 50.6915, -54.2696, 1.0000)>
MESH
GrassPatch1_Circle.006
<Matrix 4x4 (  2.2078,  0.0000,   0.0000, 0.0000)
            (  0.0000,  2.2078,  -0.0000, 0.0000)
            (  0.0000,  0.0000,   2.2078, 0.0000)
            (122.4043, 54.8918, -34.5870, 1.0000)>
MESH
GrassPatch1_Circle.007
<Matrix 4x4 (  2.2078,  0.0000,   0.0000, 0.0000)
            (  0.0000,  2.2078,  -0.0000, 0.0000)
            (  0.0000,  0.0000,   2.2078, 0.0000)
            (108.9308, 56.1505, -43.4081, 1.0000)>
MESH
GrassPatch1_Circle.001
<Matrix 4x4 (-1.8759,  0.0000,    1.1642, 0.0000)
            ( 0.0000,  2.2078,    0.0000, 0.0000)
            (-1.1642,  0.0000,   -1.8759, 0.0000)
            (57.0291, 56.1505, -109.8318, 1.0000)>
MESH
GrassPatch1_Circle.008
<Matrix 4x4 (-1.8759,  0.0000,    1.1642, 0.0000)
            ( 0.0000,  2.2078,    0.0000, 0.0000)
            (-1.1642,  0.0000,   -1.8759, 0.0000)
            (42.3068, 54.8918, -117.8676, 1.0000)>
MESH
GrassPatch1_Circle.009
<Matrix 4x4 (-1.8759,  0.0000,   1.1642, 0.0000)
            ( 0.0000,  2.2078,   0.0000, 0.0000)
            (-1.1642,  0.0000,  -1.8759, 0.0000)
            (38.8589, 57.0033, -92.5628, 1.0000)>
MESH
GrassPatch1_Circle.010
<Matrix 4x4 (-1.8759,  0.0000,   1.1642, 0.0000)
            ( 0.0000,  2.2078,   0.0000, 0.0000)
            (-1.1642,  0.0000,  -1.8759, 0.0000)
            (58.2969, 57.8208, -98.1607, 1.0000)>
MESH
GrassPatch1_Circle.011
<Matrix 4x4 (-1.8759,  0.0000,    1.1642, 0.0000)
            ( 0.0000,  2.2078,    0.0000, 0.0000)
            (-1.1642,  0.0000,   -1.8759, 0.0000)
            (22.4572, 56.0449, -105.0681, 1.0000)>
MESH
GrassPatch1_Circle.012
<Matrix 4x4 (-1.8759,  0.0000,    1.1642, 0.0000)
            ( 0.0000,  2.2078,    0.0000, 0.0000)
            (-1.1642,  0.0000,   -1.8759, 0.0000)
            (24.2001, 54.5494, -120.3368, 1.0000)>
MESH
GrassPatch1_Circle.013
<Matrix 4x4 (-1.8759,  0.0000,   1.1642, 0.0000)
            ( 0.0000,  2.2078,   0.0000, 0.0000)
            (-1.1642,  0.0000,  -1.8759, 0.0000)
            (36.2741, 56.0449, -81.5020, 1.0000)>
MESH
GrassPatch1_Circle.014
<Matrix 4x4 (-1.8759,  0.0000,    1.1642, 0.0000)
            ( 0.0000,  2.2078,    0.0000, 0.0000)
            (-1.1642,  0.0000,   -1.8759, 0.0000)
            (66.6494, 56.1505, -125.1191, 1.0000)>
MESH
GrassPatch1_Circle.015
<Matrix 4x4 (  1.4598,  0.0000,    1.6564, 0.0000)
            (  0.0000,  2.2078,   -0.0000, 0.0000)
            ( -1.6564,  0.0000,    1.4598, 0.0000)
            (-30.0483, 53.4159, -127.8013, 1.0000)>
MESH
GrassPatch1_Circle.016
<Matrix 4x4 (  1.4598,  0.0000,    1.6564, 0.0000)
            (  0.0000,  2.2078,   -0.0000, 0.0000)
            ( -1.6564,  0.0000,    1.4598, 0.0000)
            (-21.9427, 56.0449, -106.5055, 1.0000)>
MESH
GrassPatch1_Circle.017
<Matrix 4x4 (  1.4598,  0.0000,   1.6564, 0.0000)
            (  0.0000,  2.2078,  -0.0000, 0.0000)
            ( -1.6564,  0.0000,   1.4598, 0.0000)
            (-28.2714, 56.0449, -90.7829, 1.0000)>
MESH
GrassPatch1_Circle.018
<Matrix 4x4 (  1.4598,  0.0000,   1.6564, 0.0000)
            (  0.0000,  2.2078,  -0.0000, 0.0000)
            ( -1.6564,  0.0000,   1.4598, 0.0000)
            (-42.8851, 56.0449, -88.9646, 1.0000)>
MESH
GrassPatch1_Circle.019
<Matrix 4x4 (  1.4598,  0.0000,    1.6564, 0.0000)
            (  0.0000,  2.2078,   -0.0000, 0.0000)
            ( -1.6564,  0.0000,    1.4598, 0.0000)
            (-42.0295, 53.4159, -125.4538, 1.0000)>
MESH
GrassPatch1_Circle.020
<Matrix 4x4 (  1.4598,  0.0000,    1.6564, 0.0000)
            (  0.0000,  2.2078,   -0.0000, 0.0000)
            ( -1.6564,  0.0000,    1.4598, 0.0000)
            (-33.2792, 57.0033, -107.2163, 1.0000)>
MESH
GrassPatch1_Circle.021
<Matrix 4x4 (  1.4598,  0.0000,    1.6564, 0.0000)
            (  0.0000,  2.2078,   -0.0000, 0.0000)
            ( -1.6564,  0.0000,    1.4598, 0.0000)
            (-62.1435, 54.8918, -104.0624, 1.0000)>
MESH
GrassPatch1_Circle.022
<Matrix 4x4 (  1.4598,  0.0000,    1.6564, 0.0000)
            (  0.0000,  2.2078,   -0.0000, 0.0000)
            ( -1.6564,  0.0000,    1.4598, 0.0000)
            (-52.3769, 56.1505, -115.4593, 1.0000)>
MESH
GrassPatch1_Circle.023
<Matrix 4x4 (  1.4598,  0.0000,    1.6564, 0.0000)
            (  0.0000,  2.2078,   -0.0000, 0.0000)
            ( -1.6564,  0.0000,    1.4598, 0.0000)
            (-73.6776, 54.8918, -116.2830, 1.0000)>
MESH
GrassPatch1_Circle.024
<Matrix 4x4 (  1.4598,  0.0000,    1.6564, 0.0000)
            (  0.0000,  2.2078,   -0.0000, 0.0000)
            ( -1.6564,  0.0000,    1.4598, 0.0000)
            (-54.2725, 53.4159, -138.5463, 1.0000)>
MESH
GrassPatch1_Circle.025
<Matrix 4x4 (   1.4598,  0.0000,   1.6564, 0.0000)
            (   0.0000,  2.2078,  -0.0000, 0.0000)
            (  -1.6564,  0.0000,   1.4598, 0.0000)
            (-156.8537, 51.3463, -37.6001, 1.0000)>
MESH
GrassPatch1_Circle.026
<Matrix 4x4 (   1.4598,  0.0000,   1.6564, 0.0000)
            (   0.0000,  2.2078,  -0.0000, 0.0000)
            (  -1.6564,  0.0000,   1.4598, 0.0000)
            (-165.8619, 52.8222, -24.3958, 1.0000)>
MESH
GrassPatch1_Circle.027
<Matrix 4x4 (   1.4598,  0.0000,   1.6564, 0.0000)
            (   0.0000,  2.2078,  -0.0000, 0.0000)
            (  -1.6564,  0.0000,   1.4598, 0.0000)
            (-151.6429, 54.0809, -19.6197, 1.0000)>
MESH
GrassPatch1_Circle.028
<Matrix 4x4 (   1.4598,  0.0000,  1.6564, 0.0000)
            (   0.0000,  2.2078, -0.0000, 0.0000)
            (  -1.6564,  0.0000,  1.4598, 0.0000)
            (-160.0488, 52.8222, -4.8589, 1.0000)>
MESH
GrassPatch1_Circle.029
<Matrix 4x4 (   1.4598,  0.0000,  1.6564, 0.0000)
            (   0.0000,  2.2078, -0.0000, 0.0000)
            (  -1.6564,  0.0000,  1.4598, 0.0000)
            (-140.8528, 54.9337, -6.8891, 1.0000)>
MESH
GrassPatch1_Circle.030
<Matrix 4x4 (   1.4598,  0.0000,   1.6564, 0.0000)
            (   0.0000,  2.2078,  -0.0000, 0.0000)
            (  -1.6564,  0.0000,   1.4598, 0.0000)
            (-143.3352, 51.3463, -38.1341, 1.0000)>
MESH
GrassPatch1_Circle.031
<Matrix 4x4 (   1.4598,  0.0000,   1.6564, 0.0000)
            (   0.0000,  2.2078,  -0.0000, 0.0000)
            (  -1.6564,  0.0000,   1.4598, 0.0000)
            (-118.4770, 53.9753, -24.4834, 1.0000)>
MESH
GrassPatch1_Circle.032
<Matrix 4x4 (   1.4598,  0.0000,  1.6564, 0.0000)
            (   0.0000,  2.2078, -0.0000, 0.0000)
            (  -1.6564,  0.0000,  1.4598, 0.0000)
            (-129.2330, 53.9753, -1.0854, 1.0000)>
MESH
GrassPatch1_Circle.033
<Matrix 4x4 (   1.4598,  0.0000,   1.6564, 0.0000)
            (   0.0000,  2.2078,  -0.0000, 0.0000)
            (  -1.6564,  0.0000,   1.4598, 0.0000)
            (-130.6627, 53.9753, -18.9888, 1.0000)>
MESH
GrassPatch1_Circle.034
<Matrix 4x4 (  2.2078,  0.0000,   0.0000, 0.0000)
            (  0.0000,  2.2078,  -0.0000, 0.0000)
            (  0.0000,  0.0000,   2.2078, 0.0000)
            (152.1117, 52.2214, -20.1699, 1.0000)>
MESH
GrassPatch1_Circle.035
<Matrix 4x4 (  2.2078,  0.0000,  0.0000, 0.0000)
            (  0.0000,  2.2078, -0.0000, 0.0000)
            (  0.0000,  0.0000,  2.2078, 0.0000)
            (155.6225, 52.2214, -7.3155, 1.0000)>
MESH
GrassPatch1_Circle.036
<Matrix 4x4 (  2.2078,  0.0000,  0.0000, 0.0000)
            (  0.0000,  2.2078, -0.0000, 0.0000)
            (  0.0000,  0.0000,  2.2078, 0.0000)
            (101.0948, 54.8918, -8.3389, 1.0000)>
MESH
GrassPatch1_Circle.037
<Matrix 4x4 (  2.2078,  0.0000,   0.0000, 0.0000)
            (  0.0000,  2.2078,  -0.0000, 0.0000)
            (  0.0000,  0.0000,   2.2078, 0.0000)
            (115.1484, 56.1505, -71.3947, 1.0000)>
MESH
GrassPatch1_Circle.038
<Matrix 4x4 (  1.4598,  0.0000,   1.6564, 0.0000)
            (  0.0000,  2.2078,  -0.0000, 0.0000)
            ( -1.6564,  0.0000,   1.4598, 0.0000)
            (-66.8408, 52.3262, -81.6380, 1.0000)>
MESH
GrassPatch1_Circle.039
<Matrix 4x4 (  2.1959,  0.0000,   0.2291, 0.0000)
            (  0.0000,  2.2078,  -0.0000, 0.0000)
            ( -0.2291,  0.0000,   2.1959, 0.0000)
            (-75.5080, 52.3262, -74.2209, 1.0000)>
MESH
GrassPatch1_Circle.040
<Matrix 4x4 (  2.1959,  0.0000,   0.2291, 0.0000)
            (  0.0000,  2.2078,  -0.0000, 0.0000)
            ( -0.2291,  0.0000,   2.1959, 0.0000)
            (-88.9515, 52.3262, -71.4729, 1.0000)>
MESH
GrassPatch1_Circle.041
<Matrix 4x4 (  1.8926,  0.0000,  -1.1368, 0.0000)
            ( -0.0000,  2.2078,  -0.0000, 0.0000)
            (  1.1368,  0.0000,   1.8926, 0.0000)
            (-98.9228, 52.3262, -62.0427, 1.0000)>
MESH
GrassPatch1_Circle.042
<Matrix 4x4 (  1.8926,  0.0000,  -1.1368, 0.0000)
            ( -0.0000,  2.2078,  -0.0000, 0.0000)
            (  1.1368,  0.0000,   1.8926, 0.0000)
            (-99.5109, 52.3262, -50.0030, 1.0000)>
MESH
GrassPatch1_Circle.043
<Matrix 4x4 (   1.8926,  0.0000,  -1.1368, 0.0000)
            (  -0.0000,  2.2078,  -0.0000, 0.0000)
            (   1.1368,  0.0000,   1.8926, 0.0000)
            (-110.2241, 52.3262, -39.6888, 1.0000)>
MESH
GrassPatch1_Circle.044
<Matrix 4x4 (   1.4598,  0.0000,   1.6564, 0.0000)
            (   0.0000,  2.2078,  -0.0000, 0.0000)
            (  -1.6564,  0.0000,   1.4598, 0.0000)
            (-144.1522, 51.3463, -55.7627, 1.0000)>
MESH
GrassPatch1_Circle.045
<Matrix 4x4 (   1.4598,  0.0000,   1.6564, 0.0000)
            (   0.0000,  2.2078,  -0.0000, 0.0000)
            (  -1.6564,  0.0000,   1.4598, 0.0000)
            (-160.2074, 51.3463, -55.7279, 1.0000)>
MESH
GrassPatch1_Circle.046
<Matrix 4x4 (   1.4598,  0.0000,   1.6564, 0.0000)
            (   0.0000,  2.2078,  -0.0000, 0.0000)
            (  -1.6564,  0.0000,   1.4598, 0.0000)
            (-157.5206, 51.3463, -71.3137, 1.0000)>
MESH
GrassPatch1_Circle.047
<Matrix 4x4 (   1.4598,  0.0000,   1.6564, 0.0000)
            (   0.0000,  2.2078,  -0.0000, 0.0000)
            (  -1.6564,  0.0000,   1.4598, 0.0000)
            (-170.4715, 51.3463, -46.2768, 1.0000)>
MESH
GrassPatch1_Circle.048
<Matrix 4x4 (  2.1959,  0.0000,   0.2291, 0.0000)
            (  0.0000,  2.2078,  -0.0000, 0.0000)
            ( -0.2291,  0.0000,   2.1959, 0.0000)
            (-69.2791, 50.5360, -62.6098, 1.0000)>
MESH
GrassPatch1_Circle.049
<Matrix 4x4 (  1.6949,  0.0000,  -1.4148, 0.0000)
            ( -0.0000,  2.2078,  -0.0000, 0.0000)
            (  1.4148,  0.0000,   1.6949, 0.0000)
            (-82.7570, 50.5360, -49.0519, 1.0000)>
MESH
GrassPatch1_Circle.050
<Matrix 4x4 (  1.7085,  0.0000,  -1.3984, 0.0000)
            ( -0.0000,  2.2078,  -0.0000, 0.0000)
            (  1.3984,  0.0000,   1.7085, 0.0000)
            (-97.7092, 51.6841, -39.9764, 1.0000)>
MESH
GrassPatch1_Circle.051
<Matrix 4x4 (   1.8926,  0.0000,  -1.1368, 0.0000)
            (  -0.0000,  2.2078,  -0.0000, 0.0000)
            (   1.1368,  0.0000,   1.8926, 0.0000)
            (-107.6141, 52.3262, -29.5314, 1.0000)>
MESH
GrassPatch1_Circle.052
<Matrix 4x4 (   1.4598,  0.0000,  1.6564, 0.0000)
            (   0.0000,  2.2078, -0.0000, 0.0000)
            (  -1.6564,  0.0000,  1.4598, 0.0000)
            (-119.3421, 53.9753, -6.4833, 1.0000)>
MESH
GrassPatch1_Circle.053
<Matrix 4x4 (   1.4598,  0.0000,  1.6564, 0.0000)
            (   0.0000,  2.2078, -0.0000, 0.0000)
            (  -1.6564,  0.0000,  1.4598, 0.0000)
            (-128.6881, 53.9753, 12.5911, 1.0000)>
MESH
GrassPatch2_GrassPatch1_Circle.001
<Matrix 4x4 (   1.2539,  0.1055,  0.0000, 0.0000)
            (  -0.1055,  1.2539, -0.0000, 0.0000)
            (  -0.0000,  0.0000,  1.2584, 0.0000)
            (-122.4939, 52.0242, 83.3009, 1.0000)>
MESH
GrassPatch2_GrassPatch1_Circle.002
<Matrix 4x4 (  1.2539,  0.1055,   0.0000, 0.0000)
            ( -0.1055,  1.2539,  -0.0000, 0.0000)
            ( -0.0000,  0.0000,   1.2584, 0.0000)
            (-86.2612, 52.0242, 118.2521, 1.0000)>
MESH
GrassPatch2_GrassPatch1_Circle.003
<Matrix 4x4 ( 0.5997,  0.0550,  -1.1049, 0.0000)
            ( 0.0563,  1.2537,   0.0929, 0.0000)
            ( 1.1048, -0.0937,   0.5950, 0.0000)
            (84.3080, 53.7958, 116.7034, 1.0000)>
MESH
GrassPatch2_GrassPatch1_Circle.004
<Matrix 4x4 ( -0.2962,  0.0550,  1.2218, 0.0000)
            ( -0.0783,  1.2537, -0.0754, 0.0000)
            ( -1.2205, -0.0937, -0.2916, 0.0000)
            (125.2653, 53.7958, 81.9372, 1.0000)>
MESH
GrassPatch2_GrassPatch1_Circle.005
<Matrix 4x4 ( -0.2962,  0.0550,  1.2218, 0.0000)
            ( -0.0783,  1.2537, -0.0754, 0.0000)
            ( -1.2205, -0.0937, -0.2916, 0.0000)
            (139.4042, 53.7958, 42.5536, 1.0000)>
MESH
GrassPatch2_GrassPatch1_Circle.006
<Matrix 4x4 (  0.9275,  0.0434, -0.3554, 0.0000)
            ( -0.0139,  0.9905,  0.0847, 0.0000)
            (  0.3578, -0.0740,  0.9246, 0.0000)
            (137.8826, 56.9396,  5.7050, 1.0000)>
MESH
GrassPatch2_GrassPatch1_Circle.007
<Matrix 4x4 ( 0.9275,  0.0434,  -0.3554, 0.0000)
            (-0.0139,  0.9905,   0.0847, 0.0000)
            ( 0.3578, -0.0740,   0.9246, 0.0000)
            (82.9344, 56.9396, -30.5905, 1.0000)>
MESH
GrassPatch2_GrassPatch1_Circle.008
<Matrix 4x4 ( 0.9275,  0.0434, -0.3554, 0.0000)
            (-0.0139,  0.9905,  0.0847, 0.0000)
            ( 0.3578, -0.0740,  0.9246, 0.0000)
            (93.6158, 56.9396, 15.2351, 1.0000)>
MESH
GrassPatch2_GrassPatch1_Circle.009
<Matrix 4x4 ( 0.7082,  0.0434,  -0.6964, 0.0000)
            ( 0.0211,  0.9905,   0.0832, 0.0000)
            ( 0.6975, -0.0740,   0.7046, 0.0000)
            (54.9100, 56.9396, -59.2531, 1.0000)>
MESH
GrassPatch2_GrassPatch1_Circle.010
<Matrix 4x4 (0.2817,  0.2561,  -0.9184, 0.0000)
            (0.0187,  0.9560,   0.2723, 0.0000)
            (0.9533, -0.0944,   0.2660, 0.0000)
            (9.7716, 54.6723, -65.3988, 1.0000)>
MESH
GrassPatch2_GrassPatch1_Circle.011
<Matrix 4x4 (-0.1333,  0.0357,  -0.8048, 0.0000)
            ( 0.0659,  0.8135,   0.0251, 0.0000)
            ( 0.8029, -0.0608,  -0.1357, 0.0000)
            (-7.1220, 56.9396, -91.9578, 1.0000)>
MESH
GrassPatch2_GrassPatch1_Circle.012
<Matrix 4x4 ( -0.6567, -0.1181,   0.4707, 0.0000)
            ( -0.0075,  0.7944,   0.1888, 0.0000)
            ( -0.4853,  0.1475,  -0.6400, 0.0000)
            (-33.8113, 52.7972, -68.3561, 1.0000)>
MESH
GrassPatch2_GrassPatch1_Circle.050
<Matrix 4x4 (   1.2539,  0.1055,  0.0000, 0.0000)
            (  -0.1055,  1.2539, -0.0000, 0.0000)
            (  -0.0000,  0.0000,  1.2584, 0.0000)
            (-145.5605, 52.0242, 38.8818, 1.0000)>
MESH
Mushrooms_1_Mushrooms_1.013
<Matrix 4x4 (  0.8118,  0.0000,  0.5840, 0.0000)
            (  0.0000,  1.0000, -0.0000, 0.0000)
            ( -0.5840,  0.0000,  0.8118, 0.0000)
            (128.8838, 56.8553, 20.8048, 1.0000)>
MESH
Mushrooms_1_Mushrooms_1.014
<Matrix 4x4 (  1.0000,  0.0000,  0.0000, 0.0000)
            (  0.0000,  1.0000, -0.0000, 0.0000)
            (  0.0000,  0.0000,  1.0000, 0.0000)
            (112.4192, 56.6364, 63.0643, 1.0000)>
MESH
Mushrooms_1_Mushrooms_1.015
<Matrix 4x4 (   1.2936,  0.3239,  0.0553, 0.0000)
            (  -0.3286,  1.2752,  0.2175, 0.0000)
            (  -0.0000, -0.2244,  1.3157, 0.0000)
            (-149.3822, 50.1634, 63.6814, 1.0000)>
