# Game Level Exporter v1.0
CAMERA
Camera
<Matrix 4x4 (1.0000, -0.0000,  -0.0000, 0.0000)
            (0.0000,  0.9644,   0.2643, 0.0000)
            (0.0000, -0.2643,   0.9644, 0.0000)
            (0.0000, 11.4288, -36.7384, 1.0000)>
MESH
StreetLight.001
<Matrix 4x4 (1.0000, 0.0000,  0.0000, 0.0000)
            (0.0000, 1.0000, -0.0000, 0.0000)
            (0.0000, 0.0000,  1.0000, 0.0000)
            (0.0000, 0.0000,  0.0000, 1.0000)>
LIGHT
Spot
<Matrix 4x4 (1.0000,  0.0000,  0.0000, 0.0000)
            (1.0000,  0.0000,  0.0031, 0.9500)
            (0.0000, -1.0000,  0.0000, 0.0000)
            (0.0000,  6.4343, -1.8290, 0.9239)>
LIGHT
Spot.001
<Matrix 4x4 (1.0000,  0.0000,  0.0000, 0.0000)
            (0.0227,  1.0000,  0.0000, 0.9500)
            (0.0000, -1.0000,  0.0000, 0.0000)
            (9.4378,  6.4343, -1.8290, 0.9239)>
MESH
StreetLight.002
<Matrix 4x4 (1.0000, 0.0000,  0.0000, 0.0000)
            (0.0000, 1.0000, -0.0000, 0.0000)
            (0.0000, 0.0000,  1.0000, 0.0000)
            (9.4378, 0.0000,  0.0000, 1.0000)>
LIGHT
Spot.002
<Matrix 4x4 ( 1.0000,  0.0000,  0.0000, 0.0000)
            ( 0.0062,  0.0000,  1.0000, 0.9500)
            ( 0.0000, -1.0000,  0.0000, 0.0000)
            (-9.1095,  6.4343, -1.8290, 0.9239)>
MESH
StreetLight.003
<Matrix 4x4 ( 1.0000, 0.0000,  0.0000, 0.0000)
            ( 0.0000, 1.0000, -0.0000, 0.0000)
            ( 0.0000, 0.0000,  1.0000, 0.0000)
            (-9.1095, 0.0000,  0.0000, 1.0000)>
MESH
ReadyPlayerMe.001
<Matrix 4x4 (1.0000, 0.0000,  0.0000, 0.0000)
            (0.0000, 1.0000, -0.0000, 0.0000)
            (0.0000, 0.0000,  1.0000, 0.0000)
            (0.0000, 0.0000, -1.6331, 1.0000)>
MESH
ReadyPlayerMe.002
<Matrix 4x4 (1.0000, 0.0000,  0.0000, 0.0000)
            (0.0000, 1.0000, -0.0000, 0.0000)
            (0.0000, 0.0000,  1.0000, 0.0000)
            (9.3739, 0.0000, -1.6331, 1.0000)>
MESH
ReadyPlayerMe.003
<Matrix 4x4 ( 1.0000, 0.0000,  0.0000, 0.0000)
            ( 0.0000, 1.0000, -0.0000, 0.0000)
            ( 0.0000, 0.0000,  1.0000, 0.0000)
            (-9.1126, 0.0000, -1.6331, 1.0000)>
MESH
Plane.001
<Matrix 4x4 (1.0000, 0.0000,  0.0000, 0.0000)
            (0.0000, 1.0000, -0.0000, 0.0000)
            (0.0000, 0.0000,  1.0000, 0.0000)
            (0.0000, 0.0000,  0.0000, 1.0000)>
MESH
StreetLamp.001
<Matrix 4x4 ( 1.0000, 0.0000,  0.0000, 0.0000)
            ( 0.0000, 1.0000, -0.0000, 0.0000)
            ( 0.0000, 0.0000,  1.0000, 0.0000)
            (-4.4700, 0.0000,  4.4901, 1.0000)>
LIGHT
Point
<Matrix 4x4 ( 1.0000,  0.0000, 0.0000, 0.0000)
            ( 0.0000,  1.0000, 0.8978, 0.0000)
            ( 0.0000, -1.0000, 0.0000, 0.0000)
            (-4.4700,  4.3403, 4.4901, 1.0000)>
LIGHT
Point.001
<Matrix 4x4 (1.0000,  0.0000, 0.0000, 0.0000)
            (1.0000,  0.0000, 0.7194, 0.0000)
            (0.0000, -1.0000, 0.0000, 0.0000)
            (5.1473,  4.3403, 4.3033, 1.0000)>
MESH
StreetLamp.002
<Matrix 4x4 (1.0000, 0.0000,  0.0000, 0.0000)
            (0.0000, 1.0000, -0.0000, 0.0000)
            (0.0000, 0.0000,  1.0000, 0.0000)
            (5.1473, 0.0000,  4.3033, 1.0000)>
LIGHT
Point.002
<Matrix 4x4 (1.0000,  0.0000,  0.0000, 0.0000)
            (1.0000,  0.3799,  0.0000, 0.0000)
            (0.0000, -1.0000,  0.0000, 0.0000)
            (5.1473,  4.3403, -7.3484, 1.0000)>
MESH
StreetLamp.003
<Matrix 4x4 (1.0000, 0.0000,  0.0000, 0.0000)
            (0.0000, 1.0000, -0.0000, 0.0000)
            (0.0000, 0.0000,  1.0000, 0.0000)
            (5.1473, 0.0000, -7.3484, 1.0000)>
LIGHT
Point.003
<Matrix 4x4 ( 1.0000,  0.0000,  0.0000, 0.0000)
            ( 0.0000,  1.0000,  0.0781, 0.0000)
            ( 0.0000, -1.0000,  0.0000, 0.0000)
            (-4.6931,  4.3403, -7.3484, 1.0000)>
MESH
StreetLamp.004
<Matrix 4x4 ( 1.0000, 0.0000,  0.0000, 0.0000)
            ( 0.0000, 1.0000, -0.0000, 0.0000)
            ( 0.0000, 0.0000,  1.0000, 0.0000)
            (-4.6931, 0.0000, -7.3484, 1.0000)>
LIGHT
Sun
<Matrix 4x4 (1.0000,  0.0000,   0.0000, 0.0000)
            (1.0000,  1.0000,   1.0000, 0.0000)
            (0.0000, -0.7333,   0.6799, 0.2000)
            (0.0000,  5.8444, -21.3092, 1.0000)>
